start=11.366667
volume=75.000000
