start=3.400000
volume=65.000000
