start=31.560000
volume=85.000000
